TABLE NO.  1
 ID          TIME        CP          MDV         EVID        IPRED       IWRES       CWRES       CP          PRED        RES         WRES
  1.0000E+00  0.0000E+00  0.0000E+00  1.0000E+00  1.0000E+00  0.0000E+00  0.0000E+00  0.0000E+00  0.0000E+00  0.0000E+00  0.0000E+00  0.0000E+00
  1.0000E+00  0.0000E+00  7.4000E-01  0.0000E+00  0.0000E+00  0.0000E+00  1.0722E+00  1.0722E+00  7.4000E-01  0.0000E+00  7.4000E-01  1.0722E+00
  1.0000E+00  2.5000E-01  2.8400E+00  0.0000E+00  0.0000E+00  3.8168E+00 -1.4154E+00 -1.4154E+00  2.8400E+00  3.1720E+00 -3.3201E-01 -1.4983E+00
  1.0000E+00  5.7000E-01  6.5700E+00  0.0000E+00  0.0000E+00  6.7906E+00 -3.1960E-01 -3.1960E-01  6.5700E+00  5.4828E+00  1.0872E+00 -1.8999E-01
  1.0000E+00  1.1200E+00  1.0500E+01  0.0000E+00  0.0000E+00  9.1409E+00  1.9693E+00  1.9693E+00  1.0500E+01  7.0953E+00  3.4047E+00  2.5950E+00
  1.0000E+00  2.0200E+00  9.6600E+00  0.0000E+00  0.0000E+00  9.9592E+00 -4.3358E-01 -4.3358E-01  9.6600E+00  7.4000E+00  2.2600E+00  6.6622E-01
  1.0000E+00  3.8200E+00  8.5800E+00  0.0000E+00  0.0000E+00  9.2402E+00 -9.5656E-01 -9.5656E-01  8.5800E+00  6.5093E+00  2.0707E+00  3.0129E-01
  1.0000E+00  5.1000E+00  8.3600E+00  0.0000E+00  0.0000E+00  8.5423E+00 -2.6411E-01 -2.6411E-01  8.3600E+00  5.8340E+00  2.5260E+00  9.6579E-01
  1.0000E+00  7.0300E+00  7.4700E+00  0.0000E+00  0.0000E+00  7.5682E+00 -1.4223E-01 -1.4223E-01  7.4700E+00  4.9386E+00  2.5314E+00  1.0334E+00
  1.0000E+00  9.0500E+00  6.8900E+00  0.0000E+00  0.0000E+00  6.6655E+00  3.2524E-01  3.2524E-01  6.8900E+00  4.1479E+00  2.7421E+00  1.4496E+00
  1.0000E+00  1.2120E+01  5.9400E+00  0.0000E+00  0.0000E+00  5.4954E+00  6.4416E-01  6.4416E-01  5.9400E+00  3.1816E+00  2.7584E+00  1.6984E+00
  1.0000E+00  2.4370E+01  3.2800E+00  0.0000E+00  0.0000E+00  2.5438E+00  1.0667E+00  1.0667E+00  3.2800E+00  1.1042E+00  2.1758E+00  1.8527E+00
  2.0000E+00  0.0000E+00  0.0000E+00  1.0000E+00  1.0000E+00  0.0000E+00  0.0000E+00  0.0000E+00  0.0000E+00  0.0000E+00  0.0000E+00  0.0000E+00
  2.0000E+00  0.0000E+00  0.0000E+00  0.0000E+00  0.0000E+00  0.0000E+00  0.0000E+00  0.0000E+00  0.0000E+00  0.0000E+00  0.0000E+00  0.0000E+00
  2.0000E+00  2.7000E-01  1.7200E+00  0.0000E+00  0.0000E+00  4.0850E+00 -3.4268E+00 -3.4268E+00  1.7200E+00  3.6824E+00 -1.9624E+00 -3.3926E+00
  2.0000E+00  5.2000E-01  7.9100E+00  0.0000E+00  0.0000E+00  6.1631E+00  2.5312E+00  2.5312E+00  7.9100E+00  5.7070E+00  2.2030E+00  2.5455E+00
  2.0000E+00  1.0000E+00  8.3100E+00  0.0000E+00  0.0000E+00  7.8500E+00  6.6649E-01  6.6649E-01  8.3100E+00  7.5503E+00  7.5969E-01  6.3791E-01
  2.0000E+00  1.9200E+00  8.3300E+00  0.0000E+00  0.0000E+00  8.1432E+00  2.7062E-01  2.7062E-01  8.3300E+00  8.1242E+00  2.0581E-01  2.3235E-01
  2.0000E+00  3.5000E+00  6.8500E+00  0.0000E+00  0.0000E+00  7.2153E+00 -5.2927E-01 -5.2927E-01  6.8500E+00  7.3178E+00 -4.6782E-01 -5.4668E-01
  2.0000E+00  5.0200E+00  6.0800E+00  0.0000E+00  0.0000E+00  6.3109E+00 -3.3461E-01 -3.3461E-01  6.0800E+00  6.4296E+00 -3.4958E-01 -3.4864E-01
  2.0000E+00  7.0300E+00  5.4000E+00  0.0000E+00  0.0000E+00  5.2818E+00  1.7132E-01  1.7132E-01  5.4000E+00  5.4055E+00 -5.4557E-03  1.5673E-01
  2.0000E+00  9.0000E+00  4.5500E+00  0.0000E+00  0.0000E+00  4.4360E+00  1.6522E-01  1.6522E-01  4.5500E+00  4.5596E+00 -9.5886E-03  1.5031E-01
  2.0000E+00  1.2000E+01  3.0100E+00  0.0000E+00  0.0000E+00  3.4007E+00 -5.6614E-01 -5.6614E-01  3.0100E+00  3.5186E+00 -5.0864E-01 -5.8057E-01
  2.0000E+00  2.4300E+01  9.0000E-01  0.0000E+00  0.0000E+00  1.1438E+00 -3.5330E-01 -3.5330E-01  9.0000E-01  1.2160E+00 -3.1595E-01 -3.6165E-01
  3.0000E+00  0.0000E+00  0.0000E+00  1.0000E+00  1.0000E+00  0.0000E+00  0.0000E+00  0.0000E+00  0.0000E+00  0.0000E+00  0.0000E+00  0.0000E+00
  3.0000E+00  0.0000E+00  0.0000E+00  0.0000E+00  0.0000E+00  0.0000E+00  0.0000E+00  0.0000E+00  0.0000E+00  0.0000E+00  0.0000E+00  0.0000E+00
  3.0000E+00  2.7000E-01  4.4000E+00  0.0000E+00  0.0000E+00  4.3145E+00  1.2385E-01  1.2385E-01  4.4000E+00  3.7912E+00  6.0877E-01  2.9577E-01
  3.0000E+00  5.8000E-01  6.9000E+00  0.0000E+00  0.0000E+00  6.8090E+00  1.3186E-01  1.3186E-01  6.9000E+00  6.2352E+00  6.6484E-01  2.8017E-01
  3.0000E+00  1.0200E+00  8.2000E+00  0.0000E+00  0.0000E+00  8.1825E+00  2.5417E-02  2.5417E-02  8.2000E+00  7.8154E+00  3.8463E-01  7.4252E-02
  3.0000E+00  2.0200E+00  7.8000E+00  0.0000E+00  0.0000E+00  8.3354E+00 -7.7578E-01 -7.7578E-01  7.8000E+00  8.3388E+00 -5.3880E-01 -8.2336E-01
  3.0000E+00  3.6200E+00  7.5000E+00  0.0000E+00  0.0000E+00  7.3244E+00  2.5443E-01  2.5443E-01  7.5000E+00  7.4593E+00  4.0747E-02  2.0188E-01
  3.0000E+00  5.0800E+00  6.2000E+00  0.0000E+00  0.0000E+00  6.4337E+00 -3.3867E-01 -3.3867E-01  6.2000E+00  6.5854E+00 -3.8542E-01 -3.9184E-01
  3.0000E+00  7.0700E+00  5.3000E+00  0.0000E+00  0.0000E+00  5.3885E+00 -1.2818E-01 -1.2818E-01  5.3000E+00  5.5460E+00 -2.4597E-01 -1.8359E-01
  3.0000E+00  9.0000E+00  4.9000E+00  0.0000E+00  0.0000E+00  4.5371E+00  5.2580E-01  5.2580E-01  4.9000E+00  4.6943E+00  2.0570E-01  4.6998E-01
  3.0000E+00  1.2150E+01  3.7000E+00  0.0000E+00  0.0000E+00  3.4268E+00  3.9590E-01  3.9590E-01  3.7000E+00  3.5760E+00  1.2404E-01  3.4256E-01
  3.0000E+00  2.4170E+01  1.0500E+00  0.0000E+00  0.0000E+00  1.1742E+00 -1.7998E-01 -1.7998E-01  1.0500E+00  1.2660E+00 -2.1602E-01 -2.1230E-01
  4.0000E+00  0.0000E+00  0.0000E+00  1.0000E+00  1.0000E+00  0.0000E+00  0.0000E+00  0.0000E+00  0.0000E+00  0.0000E+00  0.0000E+00  0.0000E+00
  4.0000E+00  0.0000E+00  0.0000E+00  0.0000E+00  0.0000E+00  0.0000E+00  0.0000E+00  0.0000E+00  0.0000E+00  0.0000E+00  0.0000E+00  0.0000E+00
  4.0000E+00  3.5000E-01  1.8900E+00  0.0000E+00  0.0000E+00  3.4777E+00 -2.3005E+00 -2.3005E+00  1.8900E+00  4.4452E+00 -2.5552E+00 -2.1661E+00
  4.0000E+00  6.0000E-01  4.6000E+00  0.0000E+00  0.0000E+00  5.1041E+00 -7.3042E-01 -7.3042E-01  4.6000E+00  6.1631E+00 -1.5631E+00 -6.9600E-01
  4.0000E+00  1.0700E+00  8.6000E+00  0.0000E+00  0.0000E+00  6.9315E+00  2.4176E+00  2.4176E+00  8.6000E+00  7.6843E+00  9.1567E-01  2.2916E+00
  4.0000E+00  2.1300E+00  8.3800E+00  0.0000E+00  0.0000E+00  8.1363E+00  3.5311E-01  3.5311E-01  8.3800E+00  8.0638E+00  3.1621E-01  2.9153E-01
  4.0000E+00  3.5000E+00  7.5400E+00  0.0000E+00  0.0000E+00  7.7992E+00 -3.7555E-01 -3.7555E-01  7.5400E+00  7.3178E+00  2.2218E-01 -2.3515E-01
  4.0000E+00  5.0200E+00  6.8800E+00  0.0000E+00  0.0000E+00  7.0049E+00 -1.8093E-01 -1.8093E-01  6.8800E+00  6.4296E+00  4.5042E-01  2.6909E-02
  4.0000E+00  7.0200E+00  5.7800E+00  0.0000E+00  0.0000E+00  5.9934E+00 -3.0922E-01 -3.0922E-01  5.7800E+00  5.4101E+00  3.6987E-01 -1.0013E-01
  4.0000E+00  9.0200E+00  5.3300E+00  0.0000E+00  0.0000E+00  5.1176E+00  3.0776E-01  3.0776E-01  5.3300E+00  4.5517E+00  7.7828E-01  5.0322E-01
  4.0000E+00  1.1980E+01  4.1900E+00  0.0000E+00  0.0000E+00  4.0495E+00  2.0353E-01  2.0353E-01  4.1900E+00  3.5247E+00  6.6527E-01  3.7813E-01
  4.0000E+00  2.4650E+01  1.1500E+00  0.0000E+00  0.0000E+00  1.4867E+00 -4.8782E-01 -4.8782E-01  1.1500E+00  1.1797E+00 -2.9739E-02 -3.8565E-01
  5.0000E+00  0.0000E+00  0.0000E+00  1.0000E+00  1.0000E+00  0.0000E+00  0.0000E+00  0.0000E+00  0.0000E+00  0.0000E+00  0.0000E+00  0.0000E+00
  5.0000E+00  0.0000E+00  0.0000E+00  0.0000E+00  0.0000E+00  0.0000E+00  0.0000E+00  0.0000E+00  0.0000E+00  0.0000E+00  0.0000E+00  0.0000E+00
  5.0000E+00  3.0000E-01  2.0200E+00  0.0000E+00  0.0000E+00  4.1928E+00 -3.1482E+00 -3.1482E+00  2.0200E+00  5.3045E+00 -3.2845E+00 -3.0440E+00
  5.0000E+00  5.2000E-01  5.6300E+00  0.0000E+00  0.0000E+00  6.2066E+00 -8.3540E-01 -8.3540E-01  5.6300E+00  7.6006E+00 -1.9706E+00 -7.8768E-01
  5.0000E+00  1.0000E+00  1.1400E+01  0.0000E+00  0.0000E+00  8.6824E+00  3.9377E+00  3.9377E+00  1.1400E+01  1.0056E+01  1.3444E+00  3.8302E+00
  5.0000E+00  2.0200E+00  9.3300E+00  0.0000E+00  0.0000E+00  9.9320E+00 -8.7231E-01 -8.7231E-01  9.3300E+00  1.0787E+01 -1.4571E+00 -1.0538E+00
  5.0000E+00  3.5000E+00  8.7400E+00  0.0000E+00  0.0000E+00  9.2071E+00 -6.7676E-01 -6.7676E-01  8.7400E+00  9.7460E+00 -1.0060E+00 -7.8990E-01
  5.0000E+00  5.0200E+00  7.5600E+00  0.0000E+00  0.0000E+00  8.1088E+00 -7.9512E-01 -7.9512E-01  7.5600E+00  8.5630E+00 -1.0030E+00 -8.8413E-01
  5.0000E+00  7.0200E+00  7.0900E+00  0.0000E+00  0.0000E+00  6.8054E+00  4.1244E-01  4.1244E-01  7.0900E+00  7.2053E+00 -1.1531E-01  3.2723E-01
  5.0000E+00  9.1000E+00  5.9000E+00  0.0000E+00  0.0000E+00  5.6667E+00  3.3803E-01  3.3803E-01  5.9000E+00  6.0203E+00 -1.2031E-01  2.5447E-01
  5.0000E+00  1.2000E+01  4.3700E+00  0.0000E+00  0.0000E+00  4.3897E+00 -2.8478E-02 -2.8478E-02  4.3700E+00  4.6862E+00 -3.1619E-01 -1.0713E-01
  5.0000E+00  2.4350E+01  1.5700E+00  0.0000E+00  0.0000E+00  1.4796E+00  1.3100E-01  1.3100E-01  1.5700E+00  1.6124E+00 -4.2449E-02  8.4546E-02
  6.0000E+00  0.0000E+00  0.0000E+00  1.0000E+00  1.0000E+00  0.0000E+00  0.0000E+00  0.0000E+00  0.0000E+00  0.0000E+00  0.0000E+00  0.0000E+00
  6.0000E+00  0.0000E+00  0.0000E+00  0.0000E+00  0.0000E+00  0.0000E+00  0.0000E+00  0.0000E+00  0.0000E+00  0.0000E+00  0.0000E+00  0.0000E+00
  6.0000E+00  2.7000E-01  1.2900E+00  0.0000E+00  0.0000E+00  2.0846E+00 -1.1513E+00 -1.1513E+00  1.2900E+00  3.3477E+00 -2.0577E+00 -1.0568E+00
  6.0000E+00  5.8000E-01  3.0800E+00  0.0000E+00  0.0000E+00  3.7296E+00 -9.4122E-01 -9.4122E-01  3.0800E+00  5.5057E+00 -2.4257E+00 -1.0435E+00
  6.0000E+00  1.1500E+00  6.4400E+00  0.0000E+00  0.0000E+00  5.4079E+00  1.4954E+00  1.4954E+00  6.4400E+00  7.0999E+00 -6.5991E-01  1.0835E+00
  6.0000E+00  2.0300E+00  6.3200E+00  0.0000E+00  0.0000E+00  6.2256E+00  1.3672E-01  1.3672E-01  6.3200E+00  7.3605E+00 -1.0405E+00 -2.7837E-01
  6.0000E+00  3.5700E+00  5.5300E+00  0.0000E+00  0.0000E+00  5.9363E+00 -5.8874E-01 -5.8874E-01  5.5300E+00  6.6140E+00 -1.0840E+00 -7.6352E-01
  6.0000E+00  5.0000E+00  4.9400E+00  0.0000E+00  0.0000E+00  5.2734E+00 -4.8304E-01 -4.8304E-01  4.9400E+00  5.8552E+00 -9.1515E-01 -5.8862E-01
  6.0000E+00  7.0000E+00  4.0200E+00  0.0000E+00  0.0000E+00  4.3795E+00 -5.2093E-01 -5.2093E-01  4.0200E+00  4.9268E+00 -9.0680E-01 -6.2700E-01
  6.0000E+00  9.2200E+00  3.4600E+00  0.0000E+00  0.0000E+00  3.5489E+00 -1.2882E-01 -1.2882E-01  3.4600E+00  4.0670E+00 -6.0705E-01 -2.4839E-01
  6.0000E+00  1.2100E+01  2.7800E+00  0.0000E+00  0.0000E+00  2.6999E+00  1.1607E-01  1.1607E-01  2.7800E+00  3.1713E+00 -3.9125E-01 -9.7155E-03
  6.0000E+00  2.3850E+01  9.2000E-01  0.0000E+00  0.0000E+00  8.8468E-01  5.1178E-02  5.1178E-02  9.2000E-01  1.1492E+00 -2.2923E-01 -3.4090E-02
  7.0000E+00  0.0000E+00  0.0000E+00  1.0000E+00  1.0000E+00  0.0000E+00  0.0000E+00  0.0000E+00  0.0000E+00  0.0000E+00  0.0000E+00  0.0000E+00
  7.0000E+00  0.0000E+00  1.5000E-01  0.0000E+00  0.0000E+00  0.0000E+00  2.1734E-01  2.1734E-01  1.5000E-01  0.0000E+00  1.5000E-01  2.1734E-01
  7.0000E+00  2.5000E-01  8.5000E-01  0.0000E+00  0.0000E+00  1.5546E+00 -1.0209E+00 -1.0209E+00  8.5000E-01  3.9058E+00 -3.0558E+00 -5.9569E-01
  7.0000E+00  5.0000E-01  2.3500E+00  0.0000E+00  0.0000E+00  2.8128E+00 -6.7064E-01 -6.7064E-01  2.3500E+00  6.2780E+00 -3.9280E+00 -6.6542E-01
  7.0000E+00  1.0200E+00  5.0200E+00  0.0000E+00  0.0000E+00  4.6912E+00  4.7642E-01  4.7642E-01  5.0200E+00  8.5400E+00 -3.5200E+00 -6.3384E-01
  7.0000E+00  2.0200E+00  6.5800E+00  0.0000E+00  0.0000E+00  6.4696E+00  1.6001E-01  1.6001E-01  6.5800E+00  9.1119E+00 -2.5319E+00 -1.2740E+00
  7.0000E+00  3.4800E+00  7.0900E+00  0.0000E+00  0.0000E+00  6.9524E+00  1.9944E-01  1.9944E-01  7.0900E+00  8.2462E+00 -1.1562E+00 -2.3251E-01
  7.0000E+00  5.0000E+00  6.6600E+00  0.0000E+00  0.0000E+00  6.5008E+00  2.3067E-01  2.3067E-01  6.6600E+00  7.2458E+00 -5.8575E-01  3.7910E-01
  7.0000E+00  6.9800E+00  5.2500E+00  0.0000E+00  0.0000E+00  5.5889E+00 -4.9103E-01 -4.9103E-01  5.2500E+00  6.1075E+00 -8.5746E-01 -1.6073E-01
  7.0000E+00  9.0000E+00  4.3900E+00  0.0000E+00  0.0000E+00  4.6865E+00 -4.2961E-01 -4.2961E-01  4.3900E+00  5.1295E+00 -7.3954E-01 -1.1662E-01
  7.0000E+00  1.2050E+01  3.5300E+00  0.0000E+00  0.0000E+00  3.5577E+00 -4.0133E-02 -4.0133E-02  3.5300E+00  3.9414E+00 -4.1141E-01  1.9184E-01
  7.0000E+00  2.4220E+01  1.1500E+00  0.0000E+00  0.0000E+00  1.1730E+00 -3.3369E-02 -3.3369E-02  1.1500E+00  1.3774E+00 -2.2743E-01  2.1429E-02
  8.0000E+00  0.0000E+00  0.0000E+00  1.0000E+00  1.0000E+00  0.0000E+00  0.0000E+00  0.0000E+00  0.0000E+00  0.0000E+00  0.0000E+00  0.0000E+00
  8.0000E+00  0.0000E+00  0.0000E+00  0.0000E+00  0.0000E+00  0.0000E+00  0.0000E+00  0.0000E+00  0.0000E+00  0.0000E+00  0.0000E+00  0.0000E+00
  8.0000E+00  2.5000E-01  3.0500E+00  0.0000E+00  0.0000E+00  2.5857E+00  6.7275E-01  6.7275E-01  3.0500E+00  3.5744E+00 -5.2443E-01  6.4243E-01
  8.0000E+00  5.2000E-01  3.0500E+00  0.0000E+00  0.0000E+00  4.4772E+00 -2.0680E+00 -2.0680E+00  3.0500E+00  5.8756E+00 -2.8256E+00 -2.2135E+00
  8.0000E+00  9.8000E-01  7.3100E+00  0.0000E+00  0.0000E+00  6.3131E+00  1.4445E+00  1.4445E+00  7.3100E+00  7.7292E+00 -4.1922E-01  1.1555E+00
  8.0000E+00  2.0200E+00  7.5600E+00  0.0000E+00  0.0000E+00  7.4266E+00  1.9326E-01  1.9326E-01  7.5600E+00  8.3388E+00 -7.7880E-01 -7.3243E-02
  8.0000E+00  3.5300E+00  6.5900E+00  0.0000E+00  0.0000E+00  6.9208E+00 -4.7930E-01 -4.7930E-01  6.5900E+00  7.5153E+00 -9.2533E-01 -6.0708E-01
  8.0000E+00  5.0500E+00  5.8800E+00  0.0000E+00  0.0000E+00  6.0808E+00 -2.9092E-01 -2.9092E-01  5.8800E+00  6.6025E+00 -7.2246E-01 -3.8374E-01
  8.0000E+00  7.1500E+00  4.7300E+00  0.0000E+00  0.0000E+00  5.0270E+00 -4.3036E-01 -4.3036E-01  4.7300E+00  5.5078E+00 -7.7777E-01 -5.2201E-01
  8.0000E+00  9.0700E+00  4.5700E+00  0.0000E+00  0.0000E+00  4.2190E+00  5.0856E-01  5.0856E-01  4.5700E+00  4.6660E+00 -9.6003E-02  4.1537E-01
  8.0000E+00  1.2100E+01  3.0000E+00  0.0000E+00  0.0000E+00  3.1993E+00 -2.8878E-01 -2.8878E-01  3.0000E+00  3.5914E+00 -5.9144E-01 -3.7912E-01
  8.0000E+00  2.4120E+01  1.2500E+00  0.0000E+00  0.0000E+00  1.0675E+00  2.6439E-01  2.6439E-01  1.2500E+00  1.2715E+00 -2.1498E-02  2.0976E-01
  9.0000E+00  0.0000E+00  0.0000E+00  1.0000E+00  1.0000E+00  0.0000E+00  0.0000E+00  0.0000E+00  0.0000E+00  0.0000E+00  0.0000E+00  0.0000E+00
  9.0000E+00  0.0000E+00  0.0000E+00  0.0000E+00  0.0000E+00  0.0000E+00  0.0000E+00  0.0000E+00  0.0000E+00  0.0000E+00  0.0000E+00  0.0000E+00
  9.0000E+00  3.0000E-01  7.3700E+00  0.0000E+00  0.0000E+00  6.3936E+00  1.4147E+00  1.4147E+00  7.3700E+00  2.8062E+00  4.5638E+00  2.7598E+00
  9.0000E+00  6.3000E-01  9.0300E+00  0.0000E+00  0.0000E+00  7.6378E+00  2.0172E+00  2.0172E+00  9.0300E+00  4.4493E+00  4.5807E+00  2.1178E+00
  9.0000E+00  1.0500E+00  7.1400E+00  0.0000E+00  0.0000E+00  7.6501E+00 -7.3904E-01 -7.3904E-01  7.1400E+00  5.3887E+00  1.7513E+00 -1.1305E+00
  9.0000E+00  2.0200E+00  6.3300E+00  0.0000E+00  0.0000E+00  7.0764E+00 -1.0815E+00 -1.0815E+00  6.3300E+00  5.7065E+00  6.2354E-01 -6.9832E-01
  9.0000E+00  3.5300E+00  5.6600E+00  0.0000E+00  0.0000E+00  6.2197E+00 -8.1097E-01 -8.1097E-01  5.6600E+00  5.1429E+00  5.1706E-01  7.0637E-02
  9.0000E+00  5.0200E+00  5.6700E+00  0.0000E+00  0.0000E+00  5.4759E+00  2.8131E-01  2.8131E-01  5.6700E+00  4.5299E+00  1.1401E+00  1.1215E+00
  9.0000E+00  7.1700E+00  4.2400E+00  0.0000E+00  0.0000E+00  4.5565E+00 -4.5859E-01 -4.5859E-01  4.2400E+00  3.7626E+00  4.7739E-01  2.4033E-01
  9.0000E+00  8.8000E+00  4.1100E+00  0.0000E+00  0.0000E+00  3.9638E+00  2.1178E-01  2.1178E-01  4.1100E+00  3.2684E+00  8.4158E-01  8.1547E-01
  9.0000E+00  1.1600E+01  3.1600E+00  0.0000E+00  0.0000E+00  3.1201E+00  5.7858E-02  5.7858E-02  3.1600E+00  2.5662E+00  5.9380E-01  5.2700E-01
  9.0000E+00  2.4430E+01  1.1200E+00  0.0000E+00  0.0000E+00  1.0419E+00  1.1311E-01  1.1311E-01  1.1200E+00  8.4713E-01  2.7287E-01  2.6076E-01
  1.0000E+01  0.0000E+00  0.0000E+00  1.0000E+00  1.0000E+00  0.0000E+00  0.0000E+00  0.0000E+00  0.0000E+00  0.0000E+00  0.0000E+00  0.0000E+00
  1.0000E+01  0.0000E+00  2.4000E-01  0.0000E+00  0.0000E+00  0.0000E+00  3.4775E-01  3.4775E-01  2.4000E-01  0.0000E+00  2.4000E-01  3.4775E-01
  1.0000E+01  3.7000E-01  2.8900E+00  0.0000E+00  0.0000E+00  2.8059E+00  1.2185E-01  1.2185E-01  2.8900E+00  5.7717E+00 -2.8817E+00  3.7170E-01
  1.0000E+01  7.7000E-01  5.2200E+00  0.0000E+00  0.0000E+00  5.0459E+00  2.5228E-01  2.5228E-01  5.2200E+00  8.6342E+00 -3.4142E+00 -6.5276E-01
  1.0000E+01  1.0200E+00  6.4100E+00  0.0000E+00  0.0000E+00  6.1165E+00  4.2526E-01  4.2526E-01  6.4100E+00  9.4889E+00 -3.0789E+00 -1.0566E+00
  1.0000E+01  2.0500E+00  7.8300E+00  0.0000E+00  0.0000E+00  8.7009E+00 -1.2619E+00 -1.2619E+00  7.8300E+00  1.0113E+01 -2.2832E+00 -2.8999E+00
  1.0000E+01  3.5500E+00  1.0210E+01  0.0000E+00  0.0000E+00  9.6171E+00  8.5913E-01  8.5913E-01  1.0210E+01  9.1094E+00  1.1006E+00  8.4710E-01
  1.0000E+01  5.0500E+00  9.1800E+00  0.0000E+00  0.0000E+00  9.2391E+00 -8.5691E-02 -8.5691E-02  9.1800E+00  8.0162E+00  1.1638E+00  7.8026E-01
  1.0000E+01  7.0800E+00  8.0200E+00  0.0000E+00  0.0000E+00  8.1837E+00 -2.3724E-01 -2.3724E-01  8.0200E+00  6.7277E+00  1.2923E+00  9.3622E-01
  1.0000E+01  9.3800E+00  7.1400E+00  0.0000E+00  0.0000E+00  6.9389E+00  2.9140E-01  2.9140E-01  7.1400E+00  5.5154E+00  1.6246E+00  1.4311E+00
  1.0000E+01  1.2100E+01  5.6800E+00  0.0000E+00  0.0000E+00  5.6570E+00  3.3384E-02  3.3384E-02  5.6800E+00  4.3605E+00  1.3195E+00  1.0374E+00
  1.0000E+01  2.3700E+01  2.4200E+00  0.0000E+00  0.0000E+00  2.3430E+00  1.1154E-01  1.1154E-01  2.4200E+00  1.6008E+00  8.1920E-01  6.3907E-01
  1.1000E+01  0.0000E+00  0.0000E+00  1.0000E+00  1.0000E+00  0.0000E+00  0.0000E+00  0.0000E+00  0.0000E+00  0.0000E+00  0.0000E+00  0.0000E+00
  1.1000E+01  0.0000E+00  0.0000E+00  0.0000E+00  0.0000E+00  0.0000E+00  0.0000E+00  0.0000E+00  0.0000E+00  0.0000E+00  0.0000E+00  0.0000E+00
  1.1000E+01  2.5000E-01  4.8600E+00  0.0000E+00  0.0000E+00  4.7390E+00  1.7526E-01  1.7526E-01  4.8600E+00  3.8822E+00  9.7784E-01  6.5408E-01
  1.1000E+01  5.0000E-01  7.2400E+00  0.0000E+00  0.0000E+00  6.8655E+00  5.4257E-01  5.4257E-01  7.2400E+00  6.2399E+00  1.0001E+00  7.9919E-01
  1.1000E+01  9.8000E-01  8.0000E+00  0.0000E+00  0.0000E+00  8.0430E+00 -6.2316E-02 -6.2316E-02  8.0000E+00  8.3946E+00 -3.9465E-01 -3.0463E-01
  1.1000E+01  1.9800E+00  6.8100E+00  0.0000E+00  0.0000E+00  7.6493E+00 -1.2161E+00 -1.2161E+00  6.8100E+00  9.0688E+00 -2.2588E+00 -1.5940E+00
  1.1000E+01  3.6000E+00  5.8700E+00  0.0000E+00  0.0000E+00  6.4323E+00 -8.1481E-01 -8.1481E-01  5.8700E+00  8.1150E+00 -2.2450E+00 -1.0769E+00
  1.1000E+01  5.0200E+00  5.2200E+00  0.0000E+00  0.0000E+00  5.5096E+00 -4.1960E-01 -4.1960E-01  5.2200E+00  7.1894E+00 -1.9694E+00 -6.7760E-01
  1.1000E+01  7.0300E+00  4.4500E+00  0.0000E+00  0.0000E+00  4.4249E+00  3.6302E-02  3.6302E-02  4.4500E+00  6.0443E+00 -1.5943E+00 -2.2329E-01
  1.1000E+01  9.0300E+00  3.6200E+00  0.0000E+00  0.0000E+00  3.5577E+00  9.0262E-02  9.0262E-02  3.6200E+00  5.0853E+00 -1.4653E+00 -1.5489E-01
  1.1000E+01  1.2120E+01  2.6900E+00  0.0000E+00  0.0000E+00  2.5398E+00  2.1763E-01  2.1763E-01  2.6900E+00  3.8939E+00 -1.2039E+00  1.3989E-02
  1.1000E+01  2.4080E+01  8.6000E-01  0.0000E+00  0.0000E+00  6.8907E-01  2.4766E-01  2.4766E-01  8.6000E-01  1.3857E+00 -5.2574E-01  2.1013E-01
  1.2000E+01  0.0000E+00  0.0000E+00  1.0000E+00  1.0000E+00  0.0000E+00  0.0000E+00  0.0000E+00  0.0000E+00  0.0000E+00  0.0000E+00  0.0000E+00
  1.2000E+01  0.0000E+00  0.0000E+00  0.0000E+00  0.0000E+00  0.0000E+00  0.0000E+00  0.0000E+00  0.0000E+00  0.0000E+00  0.0000E+00  0.0000E+00
  1.2000E+01  2.5000E-01  1.2500E+00  0.0000E+00  0.0000E+00  2.6193E+00 -1.9841E+00 -1.9841E+00  1.2500E+00  4.1820E+00 -2.9320E+00 -1.5745E+00
  1.2000E+01  5.0000E-01  3.9600E+00  0.0000E+00  0.0000E+00  4.5922E+00 -9.1609E-01 -9.1609E-01  3.9600E+00  6.7219E+00 -2.7619E+00 -7.1718E-01
  1.2000E+01  1.0000E+00  7.8200E+00  0.0000E+00  0.0000E+00  7.1562E+00  9.6184E-01  9.6184E-01  7.8200E+00  9.0947E+00 -1.2747E+00  5.3907E-01
  1.2000E+01  2.0000E+00  9.7200E+00  0.0000E+00  0.0000E+00  9.1609E+00  8.1017E-01  8.1017E-01  9.7200E+00  9.7629E+00 -4.2936E-02  2.5256E-01
  1.2000E+01  3.5200E+00  9.7500E+00  0.0000E+00  0.0000E+00  9.2016E+00  7.9467E-01  7.9467E-01  9.7500E+00  8.8001E+00  9.4994E-01  8.3127E-01
  1.2000E+01  5.0700E+00  8.5700E+00  0.0000E+00  0.0000E+00  8.3569E+00  3.0873E-01  3.0873E-01  8.5700E+00  7.7114E+00  8.5856E-01  5.8222E-01
  1.2000E+01  7.0700E+00  6.5900E+00  0.0000E+00  0.0000E+00  7.1698E+00 -8.4006E-01 -8.4006E-01  6.5900E+00  6.4887E+00  1.0134E-01 -5.3589E-01
  1.2000E+01  9.0300E+00  6.1100E+00  0.0000E+00  0.0000E+00  6.1347E+00 -3.5766E-02 -3.5766E-02  6.1100E+00  5.4780E+00  6.3198E-01  2.4000E-01
  1.2000E+01  1.2050E+01  4.5700E+00  0.0000E+00  0.0000E+00  4.8178E+00 -3.5907E-01 -3.5907E-01  4.5700E+00  4.2201E+00  3.4990E-01 -1.3122E-01
  1.2000E+01  2.4150E+01  1.1700E+00  0.0000E+00  0.0000E+00  1.8284E+00 -9.5405E-01 -9.5405E-01  1.1700E+00  1.4838E+00 -3.1377E-01 -8.4478E-01
